# Input file for run_new_param.py.
# File format: 
# - 6 fields, free format
# - levels from bottom to top
# - VMRs in absolute fraction (not ppm)
# - Pressure in hPa, temperature in K
#
# Pressure (hPa), temperature (K), CO2 VMR, O VMR, O2 VMR, N2 VMR
1    -290.0
1.0000e+03 2.8412e+02 3.7390e-04 1.0000e-21 2.1200e-01 7.6710e-01
7.7880e+02 2.7090e+02 3.7390e-04 1.0000e-21 2.1200e-01 7.7280e-01
6.0653e+02 2.5969e+02 3.7390e-04 1.0000e-21 2.1200e-01 7.7560e-01
4.7237e+02 2.4767e+02 3.7390e-04 1.0000e-21 2.1200e-01 7.7700e-01
3.6788e+02 2.3512e+02 3.7390e-04 1.0000e-21 2.1200e-01 7.7770e-01
2.8650e+02 2.2532e+02 3.7390e-04 1.0000e-21 2.1200e-01 7.7800e-01
2.2313e+02 2.1942e+02 3.7390e-04 1.0000e-21 2.1200e-01 7.7820e-01
1.7377e+02 2.1725e+02 3.7390e-04 1.0000e-21 2.1200e-01 7.7830e-01
1.3534e+02 2.1698e+02 3.7370e-04 1.0000e-21 2.1200e-01 7.7830e-01
1.0540e+02 2.1690e+02 3.7280e-04 1.0000e-21 2.1200e-01 7.7830e-01
8.2085e+01 2.1680e+02 3.7120e-04 1.0000e-21 2.1200e-01 7.7830e-01
6.3928e+01 2.1681e+02 3.6950e-04 1.0000e-21 2.1200e-01 7.7830e-01
4.9787e+01 2.1712e+02 3.6830e-04 1.0000e-21 2.1200e-01 7.7830e-01
3.8774e+01 2.1771e+02 3.6830e-04 1.0000e-21 2.1200e-01 7.7830e-01
3.0197e+01 2.1868e+02 3.6830e-04 1.0000e-21 2.1200e-01 7.7830e-01
2.3518e+01 2.2015e+02 3.6830e-04 1.0000e-21 2.1200e-01 7.7830e-01
1.8316e+01 2.2223e+02 3.6830e-04 1.0000e-21 2.1200e-01 7.7830e-01
1.4264e+01 2.2500e+02 3.6830e-04 1.0000e-21 2.1200e-01 7.7830e-01
1.1109e+01 2.2904e+02 3.6830e-04 1.0000e-21 2.1200e-01 7.7830e-01
8.6517e+00 2.3423e+02 3.6830e-04 1.0000e-21 2.1200e-01 7.7830e-01
6.7379e+00 2.4037e+02 3.6830e-04 1.0000e-21 2.1200e-01 7.7830e-01
5.2475e+00 2.4675e+02 3.6830e-04 1.0000e-21 2.1200e-01 7.7830e-01
4.0868e+00 2.5300e+02 3.6830e-04 1.0000e-21 2.1200e-01 7.7830e-01
3.1828e+00 2.5890e+02 3.6830e-04 1.0000e-21 2.1200e-01 7.7830e-01
2.4788e+00 2.6395e+02 3.6830e-04 1.0000e-21 2.1200e-01 7.7830e-01
1.9305e+00 2.6811e+02 3.6830e-04 1.0620e-21 2.1100e-01 7.7930e-01
1.5034e+00 2.7077e+02 3.6830e-04 1.7180e-21 2.1130e-01 7.7900e-01
1.1709e+00 2.7120e+02 3.6830e-04 4.8140e-21 2.1200e-01 7.7830e-01
9.1188e-01 2.7009e+02 3.6830e-04 1.8690e-20 2.1200e-01 7.7830e-01
7.1017e-01 2.6705e+02 3.6940e-04 6.4030e-20 2.1200e-01 7.7830e-01
5.5308e-01 2.6253e+02 3.7290e-04 1.9650e-19 2.1200e-01 7.7830e-01
4.3074e-01 2.5739e+02 3.7430e-04 6.2480e-19 2.1200e-01 7.7830e-01
3.3546e-01 2.5181e+02 3.7400e-04 2.4850e-18 2.1100e-01 7.7930e-01
2.6126e-01 2.4654e+02 3.7360e-04 1.3040e-17 2.1200e-01 7.7830e-01
2.0347e-01 2.4225e+02 3.7320e-04 1.0300e-16 2.1120e-01 7.7910e-01
1.5846e-01 2.3868e+02 3.7280e-04 1.0530e-15 2.1160e-01 7.7870e-01
1.2341e-01 2.3546e+02 3.7230e-04 1.4590e-14 2.1200e-01 7.7830e-01
9.6112e-02 2.3230e+02 3.7180e-04 2.5980e-13 2.1200e-01 7.7840e-01
7.4852e-02 2.2911e+02 3.7120e-04 4.6030e-12 2.1200e-01 7.7840e-01
5.8295e-02 2.2589e+02 3.7040e-04 9.8090e-11 2.1200e-01 7.7840e-01
4.5400e-02 2.2277e+02 3.6950e-04 9.2880e-10 2.1180e-01 7.7860e-01
3.5358e-02 2.1937e+02 3.6800e-04 5.1640e-09 2.1130e-01 7.7920e-01
2.7536e-02 2.1517e+02 3.6610e-04 2.6320e-08 2.1060e-01 7.8000e-01
2.1445e-02 2.1067e+02 3.6290e-04 1.1180e-07 2.0970e-01 7.8090e-01
1.6702e-02 2.0613e+02 3.5930e-04 5.0080e-07 2.0880e-01 7.8180e-01
1.3007e-02 2.0214e+02 3.5320e-04 2.1820e-06 2.0810e-01 7.8260e-01
1.0130e-02 1.9875e+02 3.4640e-04 8.2650e-06 2.0770e-01 7.8300e-01
7.8893e-03 1.9578e+02 3.3830e-04 2.7590e-05 2.0720e-01 7.8350e-01
6.1442e-03 1.9321e+02 3.2970e-04 7.9630e-05 2.0660e-01 7.8400e-01
4.7851e-03 1.9113e+02 3.2110e-04 1.9930e-04 2.0590e-01 7.8460e-01
3.7267e-03 1.8950e+02 3.1260e-04 4.5920e-04 2.0510e-01 7.8510e-01
2.9023e-03 1.8841e+02 3.0430e-04 9.2150e-04 2.0400e-01 7.8550e-01
2.2603e-03 1.8786e+02 2.9610e-04 1.7680e-03 2.0270e-01 7.8570e-01
1.7603e-03 1.8796e+02 2.8760e-04 3.0580e-03 2.0100e-01 7.8580e-01
1.3710e-03 1.8867e+02 2.7880e-04 4.9880e-03 1.9890e-01 7.8550e-01
1.0677e-03 1.8988e+02 2.6940e-04 7.6600e-03 1.9650e-01 7.8490e-01
8.3153e-04 1.9156e+02 2.5910e-04 1.1140e-02 1.9360e-01 7.8390e-01
6.4760e-04 1.9358e+02 2.4790e-04 1.5560e-02 1.9010e-01 7.8250e-01
5.0435e-04 1.9592e+02 2.3510e-04 2.0810e-02 1.8630e-01 7.8090e-01
3.9279e-04 1.9834e+02 2.2120e-04 2.7020e-02 1.8180e-01 7.7910e-01
3.0590e-04 2.0090e+02 2.0530e-04 3.4020e-02 1.7690e-01 7.7710e-01
2.3824e-04 2.0354e+02 1.8860e-04 4.1860e-02 1.7140e-01 7.7510e-01
1.8554e-04 2.0662e+02 1.7110e-04 5.0440e-02 1.6550e-01 7.7290e-01
1.4450e-04 2.1038e+02 1.5430e-04 5.9780e-02 1.5920e-01 7.7050e-01
1.1254e-04 2.1533e+02 1.3790e-04 6.9950e-02 1.5230e-01 7.6780e-01
8.7642e-05 2.2193e+02 1.2320e-04 8.0920e-02 1.4500e-01 7.6470e-01
6.8256e-05 2.3110e+02 1.1040e-04 9.2800e-02 1.3740e-01 7.6110e-01
5.3158e-05 2.4390e+02 9.7680e-05 1.0570e-01 1.2940e-01 7.5670e-01
4.1399e-05 2.6109e+02 8.8080e-05 1.1980e-01 1.2110e-01 7.5140e-01
3.2242e-05 2.8426e+02 7.7730e-05 1.3520e-01 1.1250e-01 7.4490e-01
2.5110e-05 3.1466e+02 6.9240e-05 1.5190e-01 1.0380e-01 7.3740e-01
